255 0 0
0 255 0
0 0 255
255 255 0
0 255 255
255 0 255
128 128 128
255 128 0
128 255 0
0 255 128
255 0 128
128 0 255
128 128 255
255 128 128
128 255 128
128 128 255
0 128 255
255 128 255
192 192 192
255 192 0
192 255 0
0 255 192
255 0 192
192 0 255
192 192 255
255 192 192
192 255 192
192 192 255
0 192 255
255 192 255
64 64 64
255 64 0
64 255 0
0 255 64
255 0 64
64 0 255
64 64 255
255 64 64
64 255 64
64 64 255
0 64 255
255 64 255
32 32 32
255 32 0
32 255 0
0 255 32
255 0 32
32 0 255
32 32 255
255 32 32
32 255 32
32 32 255
0 32 255
255 32 255
16 16 16
255 16 0
16 255 0
0 255 16
255 0 16
16 0 255
16 16 255
255 16 16
16 255 16
16 16 255
0 16 255
255 16 255
8 8 8
255 8 0
8 255 0
0 255 8
255 0 8
8 0 255
8 8 255
255 8 8
8 255 8
8 8 255
0 8 255
255 8 255
4 4 4
255 4 0